	housing	hand_to_mouth	dummy_mort	log_consumption	log_liq_wealth	log_housing_wealth	log_income	log_mortgage	
housing	  .0696948	-.00358123	 .05225262	  .0130756	 .04702011	 .68394293	 .01767246	 .60172415	
hand_to_mouth	-.00358123	 .15860009	-.00324859	-.00842229	-.72751725	-.07581682	 .00114843	-.02576358	
dummy_mort	 .05225262	-.00324859	  .1005496	 .01005237	 .02963111	 .44454957	 .02065965	 1.1280827	
log_consumption	  .0130756	-.00842229	 .01005237	 .30571156	 .15925344	 .15180309	 .13485424	 .12886894	
log_liq_wealth	 .04702011	-.72751725	 .02963111	 .15925344	 8.3892959	 .75995808	 .35564403	 .44661696	
log_housing_wealth	 .68394293	-.07581682	 .44454957	 .15180309	 .75995808	 10.470739	 .20159562	 5.0388615	
log_income	 .01767246	 .00114843	 .02065965	 .13485424	 .35564403	 .20159562	  1.000181	  .2641723	
log_mortgage	 .60172415	-.02576358	 1.1280827	 .12886894	 .44661696	 5.0388615	  .2641723	 13.033748	
