	housing	hand_to_mouth	dummy_mort	log_consumption	log_liq_wealth	log_housing_wealth	log_income	log_mortgage	
housing	 .07088477	-.00678599	 .05297546	 .01263962	 .04258069	 .69601161	 .01715016	 .58627096	
hand_to_mouth	-.00678599	 .16638328	-.00537334	-.00770798	 -.7195476	-.10714285	 .00115841	-.04619347	
dummy_mort	 .05297546	-.00537334	 .10095132	 .00969096	 .02609726	 .45212784	  .0200491	 1.1005881	
log_consumption	 .01263962	-.00770798	 .00969096	 .30562184	 .15871746	 .14801969	 .13428795	  .1201428	
log_liq_wealth	 .04258069	 -.7195476	 .02609726	 .15871746	  8.387112	 .72046704	 .35102478	 .40497577	
log_housing_wealth	 .69601161	-.10714285	 .45212784	 .14801969	 .72046704	 10.591507	 .19823725	 4.8944592	
log_income	 .01715016	 .00115841	  .0200491	 .13428795	 .35102478	 .19823725	 .99810916	 .25171259	
log_mortgage	 .58627096	-.04619347	 1.1005881	  .1201428	 .40497577	 4.8944592	 .25171259	 12.512994	
